   6.739200000000E-002   6.767296791077E-002   1.005599400000E+001   1.014399790764E+001
   6.815800000000E-002   6.816387176514E-002   9.782960000000E+000   9.792301177979E+000
   7.121500000001E-002   7.122588157654E-002   9.866701000000E+000   9.872224807739E+000
   6.970900000000E-002   7.060289382935E-002   1.019311400000E+001   1.028049898148E+001
   6.803199999999E-002   6.804394721985E-002   9.908658000000E+000   9.910138130188E+000
   6.562600000001E-002   6.563210487366E-002   9.760963000000E+000   9.775424957275E+000
   6.212600000001E-002   6.212997436523E-002   9.528420000000E+000   9.533838033676E+000
   6.235100000001E-002   6.246709823608E-002   9.932747000000E+000   9.942340135574E+000
   6.904800000001E-002   6.904792785645E-002   9.807883000000E+000   9.825392961502E+000
   6.928900000003E-002   6.928801536560E-002   9.667310000000E+000   9.668663024902E+000
   6.893400000001E-002   6.893301010132E-002   9.715165000000E+000   9.724869012833E+000
   5.906800000002E-002   5.929279327393E-002   9.402847000000E+000   9.506108999252E+000
   5.815500000000E-002   5.815505981445E-002   9.351508000000E+000   9.352247953415E+000
   5.843700000003E-002   5.844187736511E-002   9.514611000000E+000   9.519222021103E+000
   5.820899999998E-002   5.820989608765E-002   9.525212000000E+000   9.529909849167E+000
   6.317700000000E-002   6.347584724426E-002   9.692766000000E+000   9.740484952927E+000
   6.548200000003E-002   6.548190116882E-002   9.801308000000E+000   9.802008867264E+000
   6.875700000001E-002   6.875705718994E-002   9.848079000000E+000   9.864763021469E+000
   6.860000000000E-002   6.860399246216E-002   1.031696300000E+001   1.033777999878E+001
   6.264800000002E-002   6.265306472778E-002   9.646556000000E+000   9.659850835800E+000
   6.156100000004E-002   6.155991554260E-002   9.801920000000E+000   9.823400020599E+000
   5.975599999999E-002   5.997705459595E-002   9.380824000000E+000   9.409111022949E+000
   6.108700000004E-002   6.154990196228E-002   9.495588000000E+000   9.589559078217E+000
   5.994299999998E-002   5.994486808777E-002   9.313430000000E+000   9.326425075531E+000
   6.513900000004E-002   6.513786315918E-002   9.532554000000E+000   9.538020133972E+000
   6.042700000000E-002   6.042695045471E-002   9.491459000000E+000   9.496643066406E+000
   5.702900000006E-002   5.703306198120E-002   9.365152000000E+000   9.414558887482E+000
   5.696499999999E-002   5.697011947632E-002   9.453200000000E+000   9.458597183228E+000
   5.698499999994E-002   5.699205398560E-002   9.634059000000E+000   9.643512010574E+000
   5.680499999994E-002   5.680489540100E-002   9.187988000000E+000   9.193218946457E+000
   6.010900000001E-002   6.410193443298E-002   9.994237000000E+000   1.000782203674E+001
   6.375500000001E-002   6.375408172607E-002   9.640276000000E+000   9.864394903183E+000
   5.589400000008E-002   5.589985847473E-002   9.550522000000E+000   9.567724943161E+000
   5.433999999991E-002   5.435991287231E-002   9.556181000000E+000   9.561781883240E+000
   6.258100000002E-002   6.258106231689E-002   9.441275000000E+000   9.446702003479E+000
   6.795299999999E-002   6.795907020569E-002   1.056019200000E+001   1.057765698433E+001
   6.412899999998E-002   6.412816047668E-002   9.958279000000E+000   9.975656986237E+000
   5.744000000004E-002   5.764317512512E-002   9.484028000000E+000   9.699727058411E+000
   5.591100000004E-002   5.591583251953E-002   9.309047000000E+000   9.318253040314E+000
   6.621799999994E-002   6.622004508972E-002   9.581466000000E+000   9.586767196655E+000
   6.673899999998E-002   6.675601005554E-002   4.030630000000E-001   4.030919075012E-001
   6.223299999999E-002   6.223320960999E-002   9.671516000000E+000   9.676738023758E+000
   6.140699999992E-002   6.140685081482E-002   9.452483000000E+000   9.461858034134E+000
   7.204800000000E-002   7.204604148865E-002   1.020770200000E+001   1.021313786507E+001
   6.546799999990E-002   6.547307968140E-002   8.102570000000E-001   8.103311061859E-001
   6.513900000004E-002   6.513786315918E-002   1.011352300000E+001   1.011486101151E+001
   5.892399999993E-002   5.892395973206E-002   9.511018000000E+000   9.516328096390E+000
   5.866799999990E-002   5.867481231689E-002   1.147200000000E+000   1.147329092026E+000
   6.315599999994E-002   6.316709518433E-002   1.191743000000E+000   1.191740989685E+000
   5.898200000001E-002   5.897998809814E-002   1.136030000000E+000   1.136062145233E+000
   5.194099999994E-002   5.194091796875E-002   1.072158000000E+000   1.076320171356E+000
   5.203899999992E-002   5.219197273254E-002   1.079673000000E+000   1.082448005676E+000
   5.431500000009E-002   5.431389808655E-002   1.099495000000E+000   1.099550008774E+000
   5.295599999999E-002   5.295491218567E-002   1.074770000000E+000   1.078944921494E+000
   5.599300000017E-002   5.600404739380E-002   1.147596000000E+000   1.147774934769E+000
   6.018599999993E-002   6.019186973572E-002   1.173220000000E+000   1.173254966736E+000
   6.084699999997E-002   6.084609031677E-002   1.188250000000E+000   1.192248106003E+000
   5.677400000013E-002   5.724883079529E-002   1.136483000000E+000   1.143445968628E+000
   5.895299999997E-002   5.946588516235E-002   1.103420000000E+000   1.109358072281E+000
   5.093499999998E-002   5.093502998352E-002   1.059834000000E+000   1.064030885696E+000
   5.208799999991E-002   5.208802223206E-002   1.069582000000E+000   1.069651842117E+000
   6.173100000001E-002   6.173110008240E-002   1.135466000000E+000   1.135524034500E+000
   5.307199999993E-002   5.345511436462E-002   1.106511000000E+000   1.111550092697E+000
   5.673400000001E-002   5.673384666443E-002   1.130951000000E+000   1.131097078323E+000
   4.823699999997E-002   4.823708534241E-002   1.061598000000E+000   1.061689138412E+000
   5.047900000000E-002   5.047798156738E-002   1.080200000000E+000   1.080303192139E+000
   4.461900000001E-002   4.461717605591E-002   1.093922000000E+000   1.098129987717E+000
   4.136100000005E-002   4.136896133423E-002   1.038950000000E+000   1.039018154144E+000
   4.339000000004E-002   4.338908195496E-002   1.098731000000E+000   1.098809957504E+000
   4.175000000009E-002   4.174995422363E-002   1.047909000000E+000   1.048207044601E+000
   4.337800000008E-002   4.338407516479E-002   1.051585000000E+000   1.055696964264E+000
   4.327800000010E-002   4.330086708069E-002   1.054456000000E+000   1.054564952850E+000
   4.127700000004E-002   4.128193855286E-002   1.025223000000E+000   1.025301933289E+000
   4.316299999982E-002   4.317879676819E-002   1.079288000000E+000   1.083518028259E+000
   4.312099999993E-002   4.311895370483E-002   1.067331000000E+000   1.071376085281E+000
   4.222300000015E-002   4.222393035889E-002   1.056088000000E+000   1.056298017502E+000
   4.142999999999E-002   4.142999649048E-002   1.034075000000E+000   1.034142017365E+000
   4.342400000019E-002   4.342317581177E-002   1.048697000000E+000   1.048756837845E+000
   4.387799999995E-002   4.388403892517E-002   1.053266000000E+000   1.053339958191E+000
   4.091199999993E-002   4.091191291809E-002   1.047510000000E+000   1.047580003738E+000
   4.099399999996E-002   4.100203514099E-002   1.014734000000E+000   1.018939018250E+000
   4.127200000016E-002   4.127097129822E-002   1.023157000000E+000   1.023306846619E+000
   4.395799999998E-002   4.463195800781E-002   1.090879000000E+000   1.114237070084E+000
   4.324399999996E-002   4.324412345886E-002   1.072391000000E+000   1.072479963303E+000
   4.098599999998E-002   4.099106788635E-002   1.013501000000E+000   1.017693042755E+000
   4.186400000003E-002   4.186415672302E-002   1.037435000000E+000   1.037469863892E+000
   4.090399999995E-002   4.090380668640E-002   1.013832000000E+000   1.014045953751E+000
   4.522500000007E-002   4.523110389709E-002   1.043316000000E+000   1.043437957764E+000
   4.184499999997E-002   4.184818267822E-002   1.030855000000E+000   1.030948877335E+000
   4.344600000013E-002   4.391407966614E-002   1.049229000000E+000   1.057088851929E+000
   4.323799999997E-002   4.324316978455E-002   1.046135000000E+000   1.046194791794E+000
   4.494199999999E-002   4.494786262512E-002   1.088097000000E+000   1.088274002075E+000
   4.387199999996E-002   4.388308525085E-002   1.082596000000E+000   1.082867860794E+000
   4.151400000001E-002   4.151797294617E-002   1.022288000000E+000   1.022369861603E+000
   4.149199999983E-002   4.149794578552E-002   1.025182000000E+000   1.025247812271E+000
   4.107900000008E-002   4.118704795837E-002   1.044711000000E+000   1.048890113831E+000
   4.085200000009E-002   4.086995124817E-002   1.020683000000E+000   1.020863056183E+000
   4.106800000000E-002   4.106783866882E-002   1.013053000000E+000   1.013282775879E+000
   4.465400000004E-002   4.465413093567E-002   1.058997000000E+000   1.059209823608E+000
   4.212100000018E-002   4.237508773804E-002   1.057384000000E+000   1.070300102234E+000
   4.139799999984E-002   4.139804840088E-002   1.030788000000E+000   1.030845880508E+000
   4.485300000010E-002   4.487299919128E-002   1.099216000000E+000   1.099325180054E+000
   4.344399999991E-002   4.344415664673E-002   1.076140000000E+000   1.080161809921E+000
   4.078499999991E-002   4.079985618591E-002   1.024437000000E+000   1.024517059326E+000
   4.339099999993E-002   4.339694976807E-002   1.061464000000E+000   1.061532974243E+000
   4.471899999999E-002   4.471802711487E-002   1.071287000000E+000   1.071326971054E+000
   4.136900000003E-002   4.136896133423E-002   1.039012000000E+000   1.039056062698E+000
   4.219600000010E-002   4.219698905945E-002   1.047779000000E+000   1.047846078873E+000
   4.070800000000E-002   4.470610618591E-002   1.066834000000E+000   1.070901155472E+000
   4.363200000012E-002   4.363703727722E-002   1.061762000000E+000   1.061793804169E+000
   4.443500000002E-002   4.443502426147E-002   1.101861000000E+000   1.101952075958E+000
   4.265400000008E-002   4.265499114990E-002   1.012246000000E+000   1.040286064148E+000
   4.192300000000E-002   4.192209243774E-002   1.042530000000E+000   1.042609930038E+000
   4.095099999995E-002   4.095697402954E-002   1.018940000000E+000   1.019006013870E+000
   4.441199999997E-002   4.441094398499E-002   1.072829000000E+000   1.072852849960E+000
   4.157699999996E-002   4.157710075378E-002   1.043951000000E+000   1.044015884399E+000
   4.297500000007E-002   4.298496246338E-002   8.852019999999E-001   8.852789402008E-001
   4.307300000005E-002   4.321908950806E-002   8.757340000000E-001   8.802471160889E-001
   4.274400000008E-002   4.274392127991E-002   8.781240000001E-001   8.781301975250E-001
   4.518399999984E-002   4.518294334412E-002   8.810010000000E-001   8.810720443726E-001
   4.210100000000E-002   4.210805892944E-002   8.569630000000E-001   8.570270538330E-001
   4.253499999982E-002   4.254817962646E-002   8.532750000002E-001   8.533329963684E-001
   4.235999999992E-002   4.236006736755E-002   8.536489999999E-001   8.536989688873E-001
   4.283699999996E-002   4.284310340881E-002   8.543430000000E-001   8.543839454651E-001
   4.254400000013E-002   4.254508018494E-002   8.707270000000E-001   8.707959651947E-001
   4.201199999989E-002   4.201197624207E-002   8.622839999998E-001   8.623631000519E-001
   5.020999999988E-002   5.021095275879E-002   9.177119999999E-001   9.659130573273E-001
   4.604199999994E-002   4.604411125183E-002   8.997749999999E-001   8.997898101807E-001
   4.476499999987E-002   4.476404190063E-002   9.186780000000E-001   9.187538623810E-001
   4.526099999998E-002   4.526090621948E-002   9.002990000001E-001   9.003038406372E-001
   4.252399999996E-002   4.252505302429E-002   8.625890000001E-001   8.626399040222E-001
   4.510699999992E-002   4.510712623596E-002   9.113530000000E-001   9.114410877228E-001
   4.546799999980E-002   4.549312591553E-002   8.612489999998E-001   8.613231182098E-001
   4.253699999981E-002   4.256701469421E-002   8.592480000000E-001   8.593599796295E-001
   4.349100000013E-002   4.349088668823E-002   8.980159999999E-001   9.020590782166E-001
   4.627400000004E-002   4.627609252930E-002   9.188480000000E-001   9.188921451569E-001
   4.263300000002E-002   4.263401031494E-002   8.680910000000E-001   8.681640625000E-001
   4.269899999986E-002   4.286599159241E-002   8.691730000000E-001   8.723330497742E-001
   4.581499999995E-002   4.581999778748E-002   8.980550000001E-001   9.019520282745E-001
   4.367500000012E-002   4.367399215698E-002   9.007099999999E-001   9.007139205933E-001
   4.217599999993E-002   4.217696189880E-002   8.727019999999E-001   8.727571964264E-001
   4.245500000002E-002   4.245495796204E-002   8.891939999999E-001   8.892500400543E-001
   4.208700000004E-002   4.209303855896E-002   8.508010000000E-001   8.508567810059E-001
   4.268899999988E-002   4.270195960999E-002   8.633440000001E-001   8.634679317474E-001
   4.364199999986E-002   4.364299774170E-002   8.894940000000E-001   8.895778656006E-001
   4.527400000006E-002   4.527497291565E-002   8.847710000000E-001   8.848319053650E-001
   4.579600000011E-002   4.579591751099E-002   8.935030000000E-001   8.935899734497E-001
   4.508399999986E-002   4.508399963379E-002   9.011200000000E-001   9.011709690094E-001
   4.346499999997E-002   4.346513748169E-002   8.589600000000E-001   8.590419292450E-001
   4.519100000016E-002   4.519104957581E-002   8.585830000000E-001   8.586461544037E-001
   4.291900000021E-002   4.291892051697E-002   8.649960000000E-001   8.650579452515E-001
   4.256099999998E-002   4.271197319031E-002   9.067830000001E-001   9.160919189453E-001
   4.490400000009E-002   4.491496086121E-002   9.108959999999E-001   9.109461307526E-001
   4.444800000010E-002   4.447102546692E-002   8.970979999999E-001   8.972730636597E-001
   4.526600000008E-002   4.527091979980E-002   9.090219999998E-001   9.091749191284E-001
   4.281199999991E-002   4.281902313232E-002   8.570739999998E-001   8.571300506592E-001
   4.201499999999E-002   4.201507568359E-002   8.479110000001E-001   8.479430675507E-001
   4.314100000011E-002   4.314613342285E-002   8.539610000000E-001   8.540120124817E-001
   4.273699999999E-002   4.274201393127E-002   8.476630000000E-001   8.477411270142E-001
   4.206199999999E-002   4.206490516663E-002   8.591289999999E-001   8.592000007629E-001
   4.299199999991E-002   4.299187660217E-002   8.732450000000E-001   8.732960224152E-001
   4.267899999991E-002   4.268288612366E-002   8.709990000000E-001   8.710751533508E-001
   4.227400000013E-002   4.227900505066E-002   8.761820000000E-001   8.762509822845E-001
   4.203299999995E-002   4.203319549561E-002   8.495550000000E-001   8.536429405212E-001
   3.958499999999E-002   4.403495788574E-002   8.882300000000E-001   8.972580432892E-001
   4.681200000005E-002   4.681181907654E-002   8.972300000000E-001   8.972699642181E-001
   4.277699999989E-002   4.277610778809E-002   8.652959999999E-001   8.653399944305E-001
   4.250400000001E-002   4.250407218933E-002   8.828760000001E-001   8.829200267792E-001
   4.522300000008E-002   4.522299766541E-002   9.171320000000E-001   9.171519279480E-001
   4.579100000001E-002   4.579114913940E-002   9.103230000001E-001   9.143660068512E-001
   4.253700000004E-002   4.265904426575E-002   8.654750000001E-001   8.681631088257E-001
   4.490400000009E-002   4.491209983826E-002   8.960900000000E-001   8.961238861084E-001
   4.396700000007E-002   4.396700859070E-002   8.586130000001E-001   8.586390018463E-001
   4.612999999995E-002   4.667496681213E-002   8.969480000001E-001   9.029579162598E-001
   4.230600000005E-002   4.230999946594E-002   8.566120000000E-001   8.568449020386E-001
   4.200100000003E-002   4.201102256775E-002   8.477840000000E-001   8.479969501495E-001
   4.363599999988E-002   4.364109039307E-002   8.690620000000E-001   8.692269325256E-001
   4.436200000009E-002   4.436087608337E-002   8.745100000001E-001   8.746819496155E-001
   4.689000000008E-002   4.689002037048E-002   9.192300000000E-001   9.192638397217E-001
   4.557900000009E-002   4.558110237122E-002   8.771890000000E-001   8.772509098053E-001
   4.568700000004E-002   4.568696022034E-002   9.097670000001E-001   9.098179340363E-001
   4.251499999987E-002   4.252195358276E-002   8.894130000001E-001   8.895409107208E-001
   4.445999999984E-002   4.445886611938E-002   8.982010000000E-001   8.982810974121E-001
   4.569600000013E-002   4.613804817200E-002   8.850710000002E-001   9.083480834961E-001
   4.601700000012E-002   4.646992683411E-002   8.926389999999E-001   8.979749679565E-001
   4.606899999999E-002   4.606795310974E-002   8.878990000001E-001   8.879561424255E-001
   4.627199999982E-002   4.627180099487E-002   9.156579999999E-001   9.156899452209E-001
   4.310899999996E-002   4.322814941406E-002   8.803130000001E-001   8.835659027100E-001
   4.486799999995E-002   4.487299919128E-002   9.165560000001E-001   9.166488647461E-001
   4.305700000009E-002   4.305505752563E-002   8.906630000001E-001   8.907380104065E-001
   4.257499999994E-002   4.257512092590E-002   9.029020000000E-001   9.030179977417E-001
   4.350700000009E-002   4.350781440735E-002   8.664620000000E-001   8.665199279785E-001
   4.248099999995E-002   4.248094558716E-002   8.616100000002E-001   8.616888523102E-001
   4.271900000003E-002   4.271888732910E-002   8.940430000000E-001   8.941619396210E-001
   4.615899999999E-002   4.615783691406E-002   9.143329999999E-001   9.183759689331E-001
   4.248000000007E-002   4.248595237732E-002   8.905540000001E-001   8.906059265137E-001
   4.515500000002E-002   4.515504837036E-002   8.897730000001E-001   8.898179531097E-001
   4.376999999999E-002   4.411792755127E-002   8.840579999999E-001   8.881261348724E-001
   4.274699999996E-002   4.274606704712E-002   8.685550000000E-001   8.685948848724E-001
   4.304000000002E-002   4.303908348083E-002   8.753110000000E-001   8.753747940063E-001
   4.198700000006E-002   4.198694229126E-002   8.536009999998E-001   8.536670207977E-001
   4.683799999998E-002   4.684495925903E-002   9.209250000001E-001   9.210779666901E-001
   4.204200000004E-002   4.204702377319E-002   8.577399999999E-001   8.578128814697E-001
   4.249699999991E-002   4.249596595764E-002   8.794530000000E-001   8.795111179352E-001
   4.448299999990E-002   4.448390007019E-002   8.930060000000E-001   8.930559158325E-001
   4.520600000001E-002   4.520606994629E-002   9.146500000002E-001   9.146890640259E-001
   4.540200000019E-002   4.540300369263E-002   9.104990000001E-001   9.105679988861E-001
   4.207199999996E-002   4.218411445618E-002   8.972229999999E-001   8.973951339722E-001
   4.278199999999E-002   4.278993606567E-002   8.682719999999E-001   8.683288097382E-001
   4.574699999989E-002   4.574704170227E-002   9.110570000000E-001   9.110989570618E-001
   4.424999999992E-002   4.424905776978E-002   8.993010000002E-001   8.993601799011E-001
   4.261799999995E-002   4.261708259583E-002   8.641689999999E-001   8.643400669098E-001
   4.417500000000E-002   4.417395591736E-002   9.124649999999E-001   9.126670360565E-001
   4.629500000010E-002   4.629516601562E-002   9.205480000001E-001   9.205660820007E-001
   4.504099999986E-002   4.503798484802E-002   8.989929999998E-001   8.991751670837E-001
   4.263700000001E-002   4.280614852905E-002   8.960860000002E-001   9.055509567261E-001
   4.510500000015E-002   4.511117935181E-002   8.890969999998E-001   8.891470432281E-001
   4.481000000033E-002   4.481601715088E-002   9.052930000003E-001   9.053149223328E-001
   4.220600000008E-002   4.220986366272E-002   8.563970000000E-001   8.564548492432E-001
   4.520000000002E-002   4.520010948181E-002   9.168970000001E-001   9.169080257416E-001
   4.202800000030E-002   4.202699661255E-002   8.608789999998E-001   8.609659671783E-001
   4.264199999989E-002   4.264712333679E-002   8.558699999999E-001   8.560440540314E-001
   4.269500000009E-002   4.270005226135E-002   8.700660000000E-001   8.702299594879E-001
   4.551400000037E-002   4.551887512207E-002   9.168700000000E-001   9.211039543152E-001
   4.190100000005E-002   4.589796066284E-002   9.001570000000E-001   9.042000770569E-001
   4.524599999968E-002   4.525017738342E-002   8.996569999999E-001   9.037220478058E-001
   4.435000000012E-002   4.434895515442E-002   8.973759999999E-001   8.974380493164E-001
   4.289400000016E-002   4.289412498474E-002   8.903169999999E-001   8.903429508209E-001
   4.287400000021E-002   4.287409782410E-002   8.636849999998E-001   8.637599945068E-001
   4.257800000005E-002   4.259610176086E-002   8.611309999997E-001   8.612208366394E-001
   4.448800000000E-002   4.449415206909E-002   8.804590000000E-001   8.805160522461E-001
   4.490499999974E-002   4.490494728088E-002   9.168919999997E-001   9.169199466705E-001
   4.551900000024E-002   4.551887512207E-002   8.942179999999E-001   8.942708969116E-001
   4.472100000021E-002   4.472208023071E-002   8.713720000001E-001   8.714289665222E-001
   4.421999999977E-002   4.458785057068E-002   9.017749999998E-001   9.071249961853E-001
   4.340999999977E-002   4.340791702271E-002   8.932449999998E-001   8.932809829712E-001
   4.285100000016E-002   4.285907745361E-002   8.949890000004E-001   8.990318775177E-001
   4.314599999998E-002   4.314494132996E-002   8.640700000001E-001   8.681428432465E-001
   4.622199999994E-002   4.622197151184E-002   9.156200000002E-001   9.156489372253E-001
   4.305199999999E-002   4.332685470581E-002   8.802859999996E-001   8.850660324097E-001
   4.119099999980E-002   4.586195945740E-002   9.145819999999E-001   9.438128471375E-001
   4.206699999986E-002   4.206585884094E-002   8.494590000000E-001   8.495919704437E-001
   4.237400000011E-002   4.238104820251E-002   8.479900000002E-001   8.481860160828E-001
   4.498299999977E-002   4.498815536499E-002   9.136229999999E-001   9.138579368591E-001
   4.479700000002E-002   4.479694366455E-002   9.123700000000E-001   9.123969078064E-001
   4.285899999968E-002   4.286003112793E-002   8.686360000002E-001   8.687849044800E-001
   4.306899999983E-002   4.332900047302E-002   8.956680000001E-001   9.131700992584E-001
   4.526000000033E-002   4.526019096375E-002   9.190980000003E-001   9.192471504211E-001
   4.505100000006E-002   4.505014419556E-002   9.203499999999E-001   9.203670024872E-001
   4.299099999980E-002   4.299020767212E-002   9.023849999999E-001   9.025568962097E-001
   4.663699999992E-002   4.663586616516E-002   9.160410000000E-001   9.161019325256E-001
   4.505699999982E-002   4.506587982178E-002   9.118010000002E-001   9.118030071259E-001
   4.403299999967E-002   4.403305053711E-002   9.020109999997E-001   9.020490646362E-001
   4.220799999985E-002   4.221391677856E-002   8.529229999999E-001   8.529939651489E-001
   4.249500000014E-002   4.250001907349E-002   8.606900000000E-001   8.607449531555E-001
   4.548900000009E-002   4.548716545105E-002   9.153379999998E-001   9.154059886932E-001
   4.501299999993E-002   4.501414299011E-002   9.210899999998E-001   9.211049079895E-001
   4.224100000010E-002   4.224205017090E-002   8.600420000002E-001   8.601100444794E-001
   4.118700000026E-002   4.519486427307E-002   9.054430000001E-001   9.094960689545E-001
   4.499800000031E-002   4.501605033875E-002   9.110280000000E-001   9.110598564148E-001
   4.502600000023E-002   4.502797126770E-002   9.014549999997E-001   9.054911136627E-001
   4.257099999995E-002   4.257011413574E-002   8.971350000002E-001   8.971948623657E-001
   4.629800000021E-002   4.630398750305E-002   9.217970000000E-001   9.220030307770E-001
   4.601099999991E-002   4.601097106934E-002   8.907879999997E-001   8.908011913300E-001
   4.355200000009E-002   4.355216026306E-002   8.536279999998E-001   8.538548946381E-001
   4.223499999989E-002   4.224300384521E-002   8.626479999998E-001   8.628220558167E-001
   4.212999999982E-002   4.223608970642E-002   8.586529999998E-001   8.588099479675E-001
   4.275899999993E-002   4.278206825256E-002   8.500939999999E-001   8.501551151276E-001
   4.261099999985E-002   4.276180267334E-002   8.600799999999E-001   8.625109195709E-001
   4.256699999996E-002   4.272484779358E-002   8.679459999998E-001   8.702991008759E-001
   4.319200000009E-002   4.319095611572E-002   8.601599999997E-001   8.603870868683E-001
   4.214000000002E-002   4.214000701904E-002   8.557970000002E-001   8.559691905975E-001
   4.234300000007E-002   4.270792007446E-002   8.623460000003E-001   8.682179450989E-001
   4.269799999975E-002   4.270505905151E-002   8.539649999998E-001   8.581240177155E-001
   4.242400000021E-002   4.272294044495E-002   8.672640000000E-001   8.731131553650E-001
   4.251699999986E-002   4.251599311829E-002   8.575299999998E-001   8.576750755310E-001
   4.254399999991E-002   4.256081581116E-002   8.578460000003E-001   8.580479621887E-001
   4.192199999989E-002   4.192805290222E-002   8.627859999997E-001   8.629519939423E-001
   4.596399999991E-002   4.596519470215E-002   9.212979999998E-001   9.214079380035E-001
   4.464399999961E-002   4.526901245117E-002   8.979479999998E-001   9.042410850525E-001
   4.249600000003E-002   4.251313209534E-002   8.979629999999E-001   8.980078697205E-001
   4.481900000019E-002   4.481792449951E-002   9.214690000003E-001   9.214949607849E-001
   4.228400000011E-002   4.228401184082E-002   8.920320000002E-001   8.920891284943E-001
   4.607499999975E-002   4.607391357422E-002   9.076230000001E-001   9.076490402222E-001
   4.246499999999E-002   4.258108139038E-002   8.505290000003E-001   8.605940341949E-001
   4.315200000019E-002   4.315209388733E-002   8.638209999999E-001   8.638699054718E-001
   4.245500000025E-002   4.245400428772E-002   8.864599999997E-001   8.905279636383E-001
   4.230099999995E-002   4.233002662659E-002   8.579239999999E-001   8.579950332642E-001
   4.455700000017E-002   4.455709457397E-002   8.654299999998E-001   8.654899597168E-001
   4.451300000028E-002   4.451704025269E-002   9.011510000000E-001   9.012260437012E-001
   4.258299999992E-002   4.258203506470E-002   8.784599999999E-001   8.784790039062E-001
   4.650299999957E-002   4.651999473572E-002   9.101820000001E-001   9.142429828644E-001
   4.611999999997E-002   4.611802101135E-002   9.191930000002E-001   9.191958904266E-001
   4.356499999994E-002   4.368185997009E-002   8.692330000003E-001   8.817331790924E-001
   4.371600000013E-002   4.371595382690E-002   8.609939999997E-001   8.610279560089E-001
   4.266199999984E-002   4.266285896301E-002   8.940109999999E-001   8.940141201019E-001
   4.197599999998E-002   4.197597503662E-002   8.541689999997E-001   8.543269634247E-001
   4.533300000003E-002   4.534006118774E-002   8.887690000001E-001   8.889489173889E-001
   4.274999999961E-002   4.275202751160E-002   8.900880000001E-001   8.901119232178E-001
   4.237800000010E-002   4.237699508667E-002   8.600099999999E-001   8.602011203766E-001
   4.667799999970E-002   4.667687416077E-002   9.228389999998E-001   9.228670597076E-001
   4.646200000025E-002   4.661989212036E-002   9.267350000000E-001   9.271590709686E-001
   4.615599999988E-002   4.615616798401E-002   8.696660000001E-001   8.697519302368E-001
   4.503599999998E-002   4.504299163818E-002   8.830639999996E-001   8.831360340118E-001
   4.124600000023E-002   4.596495628357E-002   9.107139999996E-001   9.397039413452E-001
   4.457999999977E-002   4.457902908325E-002   8.838529999998E-001   8.838889598846E-001
   4.258200000004E-002   4.258108139038E-002   8.861159999997E-001   8.862111568451E-001
   4.286199999979E-002   4.286193847656E-002   8.728020000003E-001   8.728370666504E-001
   4.532599999993E-002   4.532694816589E-002   8.712129999999E-001   8.712601661682E-001
   4.279100000031E-002   4.279017448425E-002   8.873709999998E-001   8.914320468903E-001
   4.429600000003E-002   4.431796073914E-002   9.001069999999E-001   9.002499580383E-001
   4.506999999967E-002   4.507708549500E-002   9.161340000001E-001   9.161801338196E-001
   4.466400000001E-002   4.466605186462E-002   9.045590000001E-001   9.086909294128E-001
   4.327800000010E-002   4.328703880310E-002   8.714759999998E-001   8.716540336609E-001
   4.396999999972E-002   4.400396347046E-002   8.536610000001E-001   8.538908958435E-001
   4.253999999992E-002   4.254889488220E-002   8.633489999997E-001   8.635611534119E-001
   4.287300000033E-002   4.287791252136E-002   8.708700000002E-001   8.752801418304E-001
   4.511000000002E-002   4.578304290771E-002   9.033199999999E-001   9.118499755859E-001
   4.619700000012E-002   4.619693756104E-002   9.157709999999E-001   9.157791137695E-001
   4.509899999994E-002   4.510021209717E-002   8.752929999996E-001   8.793108463287E-001
   4.496099999960E-002   4.495906829834E-002   8.959479999999E-001   8.959381580353E-001
   4.231700000037E-002   4.231595993042E-002   8.789950000000E-001   8.790309429169E-001
   4.231500000014E-002   4.231595993042E-002   8.549889999999E-001   8.550279140472E-001
   4.408700000022E-002   4.408693313599E-002   8.817599999998E-001   8.818089962006E-001
   4.518000000007E-002   4.517889022827E-002   8.972179999996E-001   8.972771167755E-001
   4.611900000009E-002   4.643082618713E-002   9.088780000002E-001   9.144420623779E-001
   4.460900000004E-002   4.460883140564E-002   9.145989999997E-001   9.146001338959E-001
   4.505000000017E-002   4.504895210266E-002   9.187929999998E-001   9.188020229340E-001
   4.284099999995E-002   4.284691810608E-002   8.576839999996E-001   8.577661514282E-001
   4.239400000006E-002   4.239583015442E-002   8.649710000004E-001   8.650021553040E-001
   4.353700000001E-002   4.354906082153E-002   9.049110000001E-001   9.049429893494E-001
   4.458700000032E-002   4.458785057068E-002   9.107770000001E-001   9.107999801636E-001
   4.383000000007E-002   4.382991790771E-002   8.937790000000E-001   8.938097953796E-001
   4.609900000014E-002   4.609799385071E-002   9.207899999997E-001   9.208300113678E-001
   4.480700000022E-002   4.481601715088E-002   8.843410000004E-001   8.843991756439E-001
   4.317300000002E-002   4.347205162048E-002   8.962910000000E-001   9.018750190735E-001
   4.482899999994E-002   4.482817649841E-002   8.759449999998E-001   8.759839534760E-001
   4.455500000040E-002   4.473519325256E-002   8.760210000000E-001   8.796269893646E-001
   4.269599999998E-002   4.270601272583E-002   8.784469999996E-001   8.785099983215E-001
   4.513399999996E-002   4.513406753540E-002   9.172279999998E-001   9.172949790955E-001
   4.496599999993E-002   4.496598243713E-002   8.673820000004E-001   8.674080371857E-001
   4.252799999995E-002   4.252696037292E-002   8.925929999996E-001   8.926401138306E-001
   4.320799999959E-002   4.320693016052E-002   8.785520000001E-001   8.786480426788E-001
   4.398399999991E-002   4.424190521240E-002   9.003650000000E-001   9.108150005341E-001
   4.246400000011E-002   4.246401786804E-002   8.672480000000E-001   8.672928810120E-001
   4.256200000009E-002   4.256796836853E-002   8.562569999999E-001   8.603079319000E-001
   4.248500000040E-002   4.249095916748E-002   9.028570000000E-001   9.029078483582E-001
   4.525700000022E-002   4.525613784790E-002   9.191889999997E-001   9.192290306091E-001
   4.545800000005E-002   4.545807838440E-002   9.189799999999E-001   9.189999103546E-001
   4.590300000018E-002   4.588794708252E-002   8.606410000002E-001   8.607149124146E-001
   4.219100000000E-002   4.219102859497E-002   8.700060000001E-001   8.701710700989E-001
   4.257700000016E-002   4.259610176086E-002   8.852840000004E-001   8.854899406433E-001
   4.505500000005E-002   4.505491256714E-002   9.137940000001E-001   9.139339923859E-001
   4.506399999991E-002   4.507279396057E-002   9.260080000004E-001   9.262421131134E-001
   4.471100000001E-002   4.470992088318E-002   8.995869999999E-001   8.997189998627E-001
   4.216799999995E-002   4.217314720154E-002   8.823290000000E-001   8.824748992920E-001
   4.202499999974E-002   4.213094711304E-002   8.509250000002E-001   8.510661125183E-001
   4.356500000040E-002   4.356479644775E-002   8.696129999998E-001   8.696541786194E-001
   4.225500000030E-002   4.236984252930E-002   8.670259999999E-001   8.695161342621E-001
   4.322199999979E-002   4.322290420532E-002   8.865840000003E-001   8.866059780121E-001
   4.573499999969E-002   4.573392868042E-002   9.190009999998E-001   9.230399131775E-001
   4.522500000030E-002   4.522418975830E-002   9.150569999997E-001   9.150688648224E-001
   4.580200000009E-002   4.580211639404E-002   9.008829999998E-001   9.008901119232E-001
   4.417299999977E-002   4.418110847473E-002   8.851450000002E-001   8.852357864380E-001
   4.613800000016E-002   4.615688323975E-002   9.158370000000E-001   9.158959388733E-001
   4.482000000007E-002   4.482197761536E-002   9.138960000000E-001   9.178891181946E-001
   4.240599999957E-002   4.241490364075E-002   8.544809999999E-001   8.545351028442E-001
   4.197000000022E-002   4.197907447815E-002   8.515390000002E-001   8.515951633453E-001
   4.267799999980E-002   4.268312454224E-002   8.586639999999E-001   8.587329387665E-001
   4.236799999990E-002   4.237294197083E-002   8.616739999998E-001   8.617539405823E-001
   4.452399999991E-002   4.452395439148E-002   8.956929999999E-001   8.957378864288E-001
   4.552799999965E-002   4.552793502808E-002   9.021650000000E-001   9.021949768066E-001
   4.508499999974E-002   4.508614540100E-002   9.243040000001E-001   9.244878292084E-001
   4.570999999987E-002   4.571008682251E-002   9.248210000001E-001   9.249999523163E-001
   4.248699999971E-002   4.248595237732E-002   8.703840000003E-001   8.704109191895E-001
   4.594699999961E-002   4.594397544861E-002   9.022550000000E-001   9.022860527039E-001
   4.659000000038E-002   4.659295082092E-002   9.312200000004E-001   9.312849044800E-001
   4.451799999970E-002   4.451799392700E-002   9.140930000003E-001   9.141218662262E-001
   4.541000000017E-002   4.541587829590E-002   9.210690000000E-001   9.210858345032E-001
   4.469300000028E-002   4.469299316406E-002   8.893330000001E-001   8.893790245056E-001
   4.510200000004E-002   4.550504684448E-002   8.752169999998E-001   9.177021980286E-001
   4.286400000001E-002   4.286408424377E-002   8.853660000000E-001   8.879249095917E-001
   4.357900000014E-002   4.358696937561E-002   8.663050000000E-001   8.704521656036E-001
   4.428199999984E-002   4.428195953369E-002   8.689689999997E-001   8.691658973694E-001
   4.368399999976E-002   4.368519783020E-002   8.735040000001E-001   8.735449314117E-001
   4.662199999984E-002   4.662299156189E-002   8.986450000002E-001   8.987379074097E-001
   4.648099999986E-002   4.648113250732E-002   9.271530000001E-001   9.271490573883E-001
   4.673100000036E-002   4.672884941101E-002   9.223079999997E-001   9.223041534424E-001
   4.550799999970E-002   4.550695419312E-002   8.979540000000E-001   8.980100154877E-001
   4.479900000024E-002   4.479980468750E-002   7.307150000001E-001   7.308449745178E-001
   4.579200000035E-002   4.579019546509E-002   9.030400000001E-001   9.032239913940E-001
   4.637800000000E-002   4.638600349426E-002   9.236420000002E-001   9.236731529236E-001
   4.770800000006E-002   4.771590232849E-002   7.420219999999E-001   7.420339584351E-001
   4.464499999995E-002   4.464507102966E-002   6.997090000004E-001   6.997318267822E-001
   4.435800000010E-002   4.436516761780E-002   7.035070000002E-001   7.036590576172E-001
   4.694999999992E-002   4.694986343384E-002   7.179840000003E-001   7.181630134583E-001
   4.553699999997E-002   4.554605484009E-002   7.186750000001E-001   7.187280654907E-001
   4.716099999996E-002   4.746699333191E-002   7.050300000001E-001   7.421917915344E-001
   4.736000000003E-002   4.735898971558E-002   7.260400000000E-001   7.260382175446E-001
   4.481200000009E-002   4.481196403503E-002   7.124580000000E-001   7.126660346985E-001
   4.094799999984E-002   4.503297805786E-002   6.990019999998E-001   7.051279544830E-001
   4.758600000014E-002   4.758405685425E-002   7.452810000000E-001   7.480502128601E-001
   4.535799999985E-002   4.536604881287E-002   7.024470000001E-001   7.024850845337E-001
   4.890900000009E-002   4.891419410706E-002   7.190980000000E-001   7.193088531494E-001
   4.428000000007E-002   4.428219795227E-002   6.988560000000E-001   7.029349803925E-001
   4.531899999984E-002   4.531788825989E-002   7.242209999999E-001   7.242729663849E-001
   4.575400000022E-002   4.644107818604E-002   7.245110000003E-001   7.367360591888E-001
   4.474300000038E-002   4.482388496399E-002   6.956670000000E-001   6.959319114685E-001
   4.526200000009E-002   4.541492462158E-002   7.195830000001E-001   7.286899089813E-001
   4.574400000001E-002   4.574298858643E-002   7.141480000000E-001   7.141649723053E-001
